0.98233284529
0.962262252189
0.971794126199
0.989357429719
0.973247054279
0.959085206986
0.946753369145
0.955291182961
0.959531517806
0.935049019608
0.986455532317
0.982610517494
0.960044395117
0.939663880981
0.975357177102
0.963597044513
0.0452202664592
0.948956138671
0.0313305950903
0.950608930988
0.923377923378
0.960068742418
0.966401414677
0.946093388812
0.0526948322086
0.992270138324
0.973161033797
0.021711366539
0.0536072623029
0.0289022782903
0.0198001131435
0.101560501407
0.94790680053
0.0146654445463
0.962377210216
0.083647260274
0.0875776973745
0.0796157138781
0.042705646317
0.0392101284958
0.908107654901
0.0730144404332
0.970469798658
0.0305672479455
0.0455819166822
0.0705628871532
0.0285128587402
0.0320301916005